-9.345073745583071911e+00 6.374415320818219044e+00
6.347270883473546732e+00 -7.957798433015810247e+00
-4.140812265588370344e+00 5.704022949226775552e+00
7.674226591511259521e+00 -8.980711951576354934e+00
-7.836831876891455551e+00 6.540051992336599618e-01
-8.560886670441469448e+00 1.798728388809970546e+00
-9.088440680444703546e+00 3.359626312146841709e+00
-6.690096654021250977e+00 -2.891855550623785742e+00
7.787890897364414755e+00 -8.259144940114724776e+00
3.477876687836919167e+00 -8.166834138271660493e+00
-5.554981735977302382e-01 -3.900024027195835075e+00
6.898727722718284383e+00 5.878014533197934988e+00
-6.253839026282724811e-01 -1.131572889205869625e+00
-5.128400561592801665e+00 6.292585969225872766e+00
-8.581505327164318242e-01 -3.444149839257000689e+00
-2.359339360060598967e+00 -6.506667429080930987e+00
-5.845474432484105698e-01 -6.611070338711020788e+00
-3.552181842868963990e+00 7.339998605784495922e+00
-8.004668847869304216e+00 -9.432987972225962636e+00
3.725313454699596960e+00 -3.198764741648386423e+00
1.534642465790496679e-01 1.711372237569043442e+00
-1.114652686208657784e+01 1.506370038811154277e+00
3.656933046307867308e+00 -1.837535414529437361e+00
-5.873440911804603815e-01 2.147474761480087757e+00
-9.055138225995364998e-01 -4.058968898359262667e+00
6.488256919523077038e+00 5.363309067525586116e+00
8.075184651259325719e+00 -3.987225018992182513e+00
-7.489424759502631979e+00 -4.702465638118798807e+00
2.380786928767498090e+00 2.463547114864757415e+00
-9.852448498639022390e+00 6.288067353724019704e+00
-6.028747495386326705e+00 -3.456127636012254478e-01
5.000742407468334427e+00 -7.918978472939849134e+00
7.572200984653088440e+00 -4.867665837534485007e+00
5.479851704605210649e+00 -7.710340119666873271e+00
-9.356509611084939948e-01 -7.197215550172687770e+00
2.422705838604574780e+00 7.622591527926134702e-01
-4.783057753599353035e+00 2.503464050624955028e+00
-4.320758328701833406e+00 5.312153876997816937e+00
8.367906596464559144e+00 -7.310441634952804524e-01
4.364070427295120291e-01 2.554136593248413245e+00
-6.702795430774139973e-01 -4.218100704264019285e+00
-1.579725612296007720e+00 1.663772142868813031e+00
-6.682580160511687239e+00 3.966957654765732588e+00
4.709759842199332525e+00 -2.942114245716576093e+00
9.316849501496543340e+00 1.123478895176583947e+00
-9.516970430565482308e-01 7.834442883614833875e-02
-2.631005514962392322e+00 1.561570417875081773e+00
-6.793237564511225735e+00 2.778193631615709425e+00
-8.463599482565992815e+00 1.337465746346324202e+00
7.214005657996951371e+00 3.888881943070812142e-01
